{
 "cells": [
  {
   "cell_type": "code",
   "execution_count": 33,
   "metadata": {},
   "outputs": [],
   "source": [
    "import numpy as np\n",
    "import pandas as pd\n",
    "import pickle"
   ]
  },
  {
   "cell_type": "code",
   "execution_count": 47,
   "metadata": {},
   "outputs": [],
   "source": [
    "!python data_preprocess.py sample-data/spa spa"
   ]
  },
  {
   "cell_type": "code",
   "execution_count": 48,
   "metadata": {},
   "outputs": [],
   "source": [
    "!python data_preprocess.py sample-data/eng eng"
   ]
  },
  {
   "cell_type": "code",
   "execution_count": 64,
   "metadata": {},
   "outputs": [],
   "source": [
    "!python data_preprocess.py sample-data/ben ben"
   ]
  },
  {
   "cell_type": "code",
   "execution_count": 67,
   "metadata": {},
   "outputs": [],
   "source": [
    "!python data_preprocess.py sample-data/grc grc"
   ]
  },
  {
   "cell_type": "code",
   "execution_count": 69,
   "metadata": {},
   "outputs": [],
   "source": [
    "!python data_preprocess.py sample-data/ell ell"
   ]
  },
  {
   "cell_type": "code",
   "execution_count": 71,
   "metadata": {
    "scrolled": true
   },
   "outputs": [],
   "source": [
    "!python utils.py sample-data/spa spa\n",
    "!python utils.py sample-data/eng eng\n",
    "!python utils.py sample-data/ben ben\n",
    "!python utils.py sample-data/grc grc\n",
    "!python utils.py sample-data/ell ell"
   ]
  },
  {
   "cell_type": "code",
   "execution_count": 51,
   "metadata": {},
   "outputs": [],
   "source": [
    "!python em.py sample-data/spa spa\n",
    "!python em.py sample-data/eng eng\n",
    "!python em.py sample-data/ben ben\n",
    "!python em.py sample-data/grc grc\n",
    "!python em.py sample-data/ell ell"
   ]
  },
  {
   "cell_type": "code",
   "execution_count": 55,
   "metadata": {
    "scrolled": true
   },
   "outputs": [
    {
     "name": "stdout",
     "output_type": "stream",
     "text": [
      "[0.20548751772894755, 0.3124891971517955, 0.1503043770305493, 0.2955595108544126, 0.03615939723429485]\n",
      "[0.22423172155800603, 0.325070318871512, 0.15060811764179868, 0.29130708215025725, 0.008782759778426234]\n",
      "[0.238736321817739, 0.3305897341479557, 0.1476369073532463, 0.28094533163358815, 0.0020917050474709444]\n",
      "[0.25213962685490565, 0.33406681208747147, 0.14388091029094022, 0.26941704062053695, 0.0004956101461457119]\n",
      "[0.2652542157784308, 0.33677408891074156, 0.13995139721376532, 0.25790305649786893, 0.00011724159919334063]\n",
      "[0.2782688579630014, 0.33902848625565196, 0.13599833575731918, 0.24667660597525007, 2.771404877737027e-05]\n",
      "[0.29121461641136653, 0.34091511851466694, 0.1320630546192937, 0.23580066269002886, 6.547764643842594e-06]\n",
      "[0.30408434669772644, 0.3424638518522063, 0.12816110806717257, 0.2252891470866996, 1.5462961951023658e-06]\n",
      "[0.31686274551643656, 0.343691634036812, 0.12430148988840263, 0.21514376554039585, 3.6501795294628594e-07]\n",
      "[0.32953380907865804, 0.3446125265665924, 0.12049109302052373, 0.2053624852014077, 8.613281805423951e-08]\n",
      "[0.3420826282867262, 0.34524001788507913, 0.11673576746354554, 0.19594156604737442, 2.0317274792131733e-08]\n",
      "[0.35449576852788145, 0.3455875034649301, 0.11304059604764376, 0.18687612716868654, 4.790858055681528e-09]\n",
      "[0.3667612959071717, 0.34566833763047405, 0.10940999071279686, 0.17816037462022882, 1.1293285413466027e-09]\n",
      "[0.3788687151234892, 0.34549579134039515, 0.10584774745518402, 0.1697877458148016, 2.661301324708416e-10]\n",
      "[0.3908088856149826, 0.34508299489024546, 0.10235709133159741, 0.16175102810047817, 6.269626602307209e-11]\n",
      "[0.4025739331654245, 0.3444428837205703, 0.09894071845181017, 0.1540424646474288, 1.4766239021336107e-11]\n",
      "[0.4141571617823735, 0.3435881510866222, 0.09560083633753154, 0.1466538507899958, 3.47684252431883e-12]\n",
      "[0.4255529674805738, 0.34253120794502323, 0.0923392027991076, 0.13957662177447694, 8.184516131399642e-13]\n",
      "[0.43675675473448367, 0.34128414962284986, 0.08915716323702493, 0.13280193240544888, 1.9261915401026471e-13]\n",
      "[0.4477648560592283, 0.3398587286628659, 0.0860556862660651, 0.12632072901179534, 4.532206629431233e-14]\n",
      "[0.4585744550226533, 0.338266333250592, 0.08303539757007719, 0.1201238141566668, 1.0661755012414568e-14]\n",
      "[0.4691835129025287, 0.3365179706199077, 0.08009661194766672, 0.11420190452989432, 2.5076168740873267e-15]\n",
      "[0.479590699123003, 0.33462425490887376, 0.07723936351216133, 0.10854568245596123, 5.896735070220121e-16]\n",
      "[0.489795325532292, 0.3325953989407721, 0.07446343405433106, 0.10314584147260455, 1.386386157508255e-16]\n",
      "[0.4997972845465696, 0.3304412094668562, 0.07176837958438574, 0.09799312640218852, 3.2589895174886836e-17]\n",
      "[0.5095969911312779, 0.3281710854271163, 0.06915355508856683, 0.09307836835303886, 7.659697863462833e-18]\n",
      "[0.5191953285501847, 0.3257940188436499, 0.06661813754863707, 0.08839251505752836, 1.8000054125397677e-18]\n",
      "[0.5285935978046492, 0.3233185979688823, 0.06416114728276112, 0.08392665694370732, 4.229342523124519e-19]\n",
      "[0.5377934706431315, 0.3207530123704029, 0.06178146767191479, 0.07967204931455082, 9.936009168428431e-20]\n",
      "[0.5467969460084546, 0.3181050596489153, 0.059477863344516824, 0.0756201309981133, 2.333964340909167e-20]\n",
      "[0.5556063097971125, 0.31538215351587395, 0.057248996890703494, 0.07176253979631007, 5.481790444681756e-21]\n",
      "[0.5642240977540675, 0.31259133300578584, 0.05509344418690281, 0.06809112505324384, 1.2873580234924854e-21]\n",
      "[0.5726530613669173, 0.30973927259407164, 0.05300970840407658, 0.06459795763493445, 3.022926163673215e-22]\n",
      "[0.5808961365899241, 0.3068322930360994, 0.050996232780757066, 0.06127533759321931, 7.09756634029383e-23]\n",
      "[0.5889564152434101, 0.3038763727554466, 0.04905141223455212, 0.05811579976659121, 1.666277865674391e-23]\n",
      "[0.5968371189203246, 0.30087715963931383, 0.0471736038897245, 0.05511211755063695, 3.911502678070792e-24]\n",
      "[0.6045415752445069, 0.29783998310830306, 0.04536113659310535, 0.05225730505408471, 9.18121515719607e-25]\n",
      "[0.6120731963401738, 0.29476986633955027, 0.043612319487677666, 0.04954461783259822, 2.154859713581071e-25]\n",
      "[0.6194354593405819, 0.2916715385615415, 0.041925449713733874, 0.04696755238414264, 5.057105551251029e-26]\n",
      "[0.6266318888134359, 0.28854944732011983, 0.04029881930142763, 0.044519844565016474, 1.186727466242061e-26]\n",
      "[0.6336660409520416, 0.2854077706540132, 0.03873072131696214, 0.04219546707698303, 2.7846307707007717e-27]\n",
      "[0.6405414894049656, 0.282250429117186, 0.03721945532027452, 0.03998862615757393, 6.533614290164984e-28]\n",
      "[0.6472618126200025, 0.27908109759382743, 0.03576333219054073, 0.037893757595629365, 1.532886992283678e-28]\n",
      "[0.6538305825824181, 0.275903216866424, 0.0343606783712216, 0.03590552217993628, 3.596159958813487e-29]\n",
      "[0.6602513548373976, 0.2727200049015712, 0.0330098395828046, 0.03401880067822655, 8.436094766985879e-30]\n",
      "[0.6665276596841554, 0.26953446783004054, 0.031709184050862246, 0.032228688434941824, 1.9788769335216247e-30]\n",
      "[0.6726629944559717, 0.26634941059109596, 0.030457105290342533, 0.030530489662589963, 4.641648467408176e-31]\n",
      "[0.6786608167807396, 0.2631674472336561, 0.02925202448690606, 0.028919711498698063, 1.0886869158116114e-31]\n",
      "[0.6845245387460233, 0.2599910108547196, 0.028092392512398433, 0.02739205788685854, 2.5533607147093317e-32]\n",
      "[0.6902575218754613, 0.2568223631791999, 0.026976691608192466, 0.025943423337146488, 5.9882622421870175e-33]\n",
      "[0.6958630728576265, 0.2536636037613789, 0.025903436769082404, 0.02456988661191219, 1.4043324317767964e-33]\n",
      "[0.7013444399442696, 0.25051667882023226, 0.024871176856414875, 0.023267704379083095, 3.2932179297692665e-34]\n",
      "[0.7067048099599205, 0.24738338970429874, 0.023878495467860625, 0.02203330486792006, 7.722418891930197e-35]\n",
      "[0.711947305865106, 0.24426540098758137, 0.02292401158852374, 0.020863281558789002, 1.810795644719283e-35]\n",
      "[0.7170749848116293, 0.2411642482081766, 0.02200638004693362, 0.01975438693326025, 4.245897912027166e-36]\n",
      "[0.7220908366473837, 0.23808134524916436, 0.02112429179615398, 0.018703526307297835, 9.95530234742787e-37]\n",
      "[0.7269977828193357, 0.23501799137443952, 0.02027647403993541, 0.017707751766289227, 2.3341292511222213e-37]\n",
      "[0.7317986756323241, 0.23197537792784714, 0.019461690221066953, 0.01676425621876181, 5.472447355854648e-38]\n",
      "[0.7364962978254158, 0.22895459470499963, 0.018678739888623085, 0.015870367580961577, 1.2829956892278843e-38]\n",
      "[0.7410933624322661, 0.2259566360058244, 0.017926458458069318, 0.01502354310384013, 3.0078512287326625e-39]\n",
      "[0.7455925128881123, 0.2229824063833742, 0.017203716877877414, 0.014221363850636019, 7.051405035246605e-40]\n",
      "[0.7499963233598927, 0.22003272609332628, 0.01650942121521305, 0.01346152933156807, 1.6530412894246198e-40]\n",
      "[0.7543072992645824, 0.21710833626365716, 0.015842512171034363, 0.01274185230072614, 3.875083090913049e-41]\n",
      "[0.7585278779598089, 0.2142099037868737, 0.015201964534936867, 0.012060253718380359, 9.083811958633302e-42]\n",
      "[0.7626604295753929, 0.21133802595476878, 0.014586786588880485, 0.011414757880957636, 2.1293426127637796e-42]\n",
      "[0.7667072579735401, 0.20849323483943918, 0.013996019467620423, 0.010803487719400238, 4.99130053471936e-43]\n",
      "[0.770670601815533, 0.2056760014352441, 0.013428736483220176, 0.010224660266002753, 1.1699656431968932e-43]\n",
      "[0.774552635716509, 0.20288673957397158, 0.01288404242064091, 0.00967658228887854, 2.742357925146024e-44]\n",
      "[0.7783554714786559, 0.20012580961909962, 0.012361072809939633, 0.00915764609230479, 6.427871881434255e-45]\n",
      "[0.7820811593828734, 0.19739352195613225, 0.011858993180265703, 0.008666325480728565, 1.5066165012723602e-45]\n",
      "[0.7857316895340879, 0.19469014028111487, 0.011376998300957543, 0.00820117188383965, 3.5312708431883336e-46]\n",
      "[0.7893089932424234, 0.19201588470488207, 0.010914311413314608, 0.0077608106393798944, 8.276609951238944e-47]\n",
      "[0.7928149444370953, 0.18937093467573649, 0.010470183457080208, 0.0073439374300880095, 1.939846806581109e-47]\n",
      "[0.7962513610964451, 0.18675543173709716, 0.010043892295220288, 0.006949314871237484, 4.5464893954832057e-48]\n",
      "[0.7996200066977194, 0.18416948211871909, 0.009634741939144867, 0.0065757692444167294, 1.0655627651347214e-48]\n",
      "[0.8029225916665065, 0.18161315918212548, 0.009242061777888081, 0.0062221873734799975, 2.497332008797894e-49]\n",
      "[0.8061607748325563, 0.17908650571615325, 0.008865205812868534, 0.005887513638421913, 5.852860856121166e-50]\n"
     ]
    },
    {
     "name": "stdout",
     "output_type": "stream",
     "text": [
      "[0.8093361648768683, 0.176589536100391, 0.00850355190023457, 0.005570747122506141, 1.3716870713786858e-50]\n",
      "[0.8124503217716117, 0.17412223833733015, 0.008156501002742397, 0.005270938888315836, 3.214674981959397e-51]\n",
      "[0.8155047582055089, 0.17168457596355893, 0.007823476452624444, 0.00498718937830762, 7.533807380890884e-52]\n",
      "[0.818500940993366, 0.1692764898453821, 0.007503923226194008, 0.004718645935058065, 1.765580800086393e-52]\n",
      "[0.8214402924654208, 0.16689789986535528, 0.007197307232035017, 0.004464500437188985, 4.137676583987494e-53]\n",
      "[0.8243241918349812, 0.1645487065060955, 0.006903114612895272, 0.0042239870460279725, 9.696646215154347e-54]\n",
      "[0.8271539765401084, 0.16222879233822712, 0.006620851062489394, 0.0039963800591750085, 2.2723897432633345e-54]\n",
      "[0.8299309435594922, 0.15993802341658664, 0.0063500411576667085, 0.0037809918662544506, 5.3252565848545725e-55]\n",
      "[0.8326563507040747, 0.157676250586806, 0.006090227706249754, 0.0035771710028693732, 1.247943381140248e-55]\n",
      "[0.8353314178738724, 0.1554433107164291, 0.005840971111084944, 0.0033843002986135738, 2.9244622663269352e-56]\n",
      "[0.8379573282897397, 0.15323902784448987, 0.0056018487505496255, 0.0032017951152208644, 6.853211275598198e-57]\n",
      "[0.840535229692313, 0.15106321426142366, 0.0053724543754660155, 0.0030291016707974013, 1.6059770418800615e-57]\n",
      "[0.8430662355079951, 0.1489156715226022, 0.005152397522851313, 0.002865695446551306, 3.7634123447521694e-58]\n",
      "[0.8455514259901197, 0.1467961913916302, 0.004941302946034376, 0.0027110796722158276, 8.819047450981341e-59]\n",
      "[0.8479918493213309, 0.14470455673024682, 0.004738810061695415, 0.002564783886726914, 2.0666126788096293e-59]\n",
      "[0.8503885226872427, 0.14264054232884932, 0.004544572413172645, 0.00242636257073543, 4.8427735732786623e-60]\n",
      "[0.8527424333193283, 0.14060391568289518, 0.004358257150226644, 0.0022953938475498694, 1.1348201138018483e-60]\n",
      "[0.8550545395053536, 0.13859443772012534, 0.004179544524996665, 0.0021714782495243948, 2.659241556512907e-61]\n",
      "[0.8573257715687305, 0.13661186348070528, 0.00400812740389495, 0.002054237546669212, 6.231413459869228e-62]\n",
      "[0.8595570328176924, 0.13465594275247605, 0.003843710795199815, 0.0019433136346317255, 1.4602037800272378e-62]\n",
      "[0.8617492004635301, 0.132726420665127, 0.003686011392091774, 0.0018383674792510787, 3.4216736988148634e-63]\n",
      "[0.8639031265098439, 0.13082303824442643, 0.003534757130864039, 0.001739078114865613, 8.017925831663007e-64]\n",
      "[0.8660196386115652, 0.1289455329305204, 0.0033896867639726684, 0.001645141693941708, 1.878814443039575e-64]\n",
      "[0.8680995409054602, 0.12709363906155327, 0.003250549447570553, 0.0015562705854159625, 4.402549488565203e-65]\n",
      "[0.870143614814015, 0.12526708832337097, 0.0031171043432128864, 0.001472192519401117, 1.0316281598612628e-65]\n",
      "[0.8721526198192951, 0.12346561017120972, 0.002989120233455545, 0.0013926497760395028, 2.417357020353727e-66]\n",
      "[0.8741272942124122, 0.12168893222046659, 0.002866375150874646, 0.0013173984162466001, 5.664442169498254e-67]\n",
      "[0.8760683558151209, 0.11993678061230885, 0.0027486560202358763, 0.001246207552334396, 1.3273098429268865e-67]\n",
      "[0.8779765026789459, 0.11820888035114496, 0.002635758313417534, 0.0011788586564916179, 3.1101860544981784e-68]\n",
      "[0.8798524137548496, 0.1165049556230752, 0.002527485716839602, 0.001115144905235576, 7.287849216878522e-69]\n",
      "[0.8816967495434052, 0.11482473008777389, 0.002423649810775148, 0.0010548705580458988, 1.7076993215824061e-69]\n",
      "[0.8835101527190611, 0.11316792715197846, 0.0023240697605268704, 0.0009978503684336456, 4.0014971576858095e-70]\n",
      "[0.8852932487334138, 0.1115342702219116, 0.0022285720188456627, 0.0009439090258288475, 9.376327276236233e-71]\n",
      "[0.8870466463957004, 0.10992348293820037, 0.0021369900393929954, 0.0008928806267061605, 2.197061414551535e-71]\n",
      "[0.8887709384317629, 0.10833528939391203, 0.002049164000851941, 0.0008446081734732569, 5.148146341532164e-72]\n",
      "[0.8904667020235378, 0.10676941433548544, 0.0019649405412973863, 0.0007989430996794456, 1.206309836326423e-72]\n",
      "[0.8921344993285105, 0.10522558334864879, 0.0018841725026063928, 0.000755744820234268, 2.826612023539647e-73]\n",
      "[0.893774877979455, 0.10370352303076223, 0.0018067186844738159, 0.0007148803053090305, 6.623277158368946e-74]\n",
      "[0.8953883715657097, 0.10220296114977749, 0.001732443607763994, 0.0006762236767486921, 1.551954893372281e-74]\n",
      "[0.8969755000978614, 0.10072362678952149, 0.0016612172868439635, 0.0006396558257731293, 3.636509625726987e-75]\n",
      "[0.8985367704530682, 0.09926525048530833, 0.0015929150106841117, 0.0006050640509393103, 8.520987147790578e-76]\n",
      "[0.9000726768060164, 0.09782756434648088, 0.0015274171322648233, 0.0005723417152378436, 1.996616426615295e-76]\n",
      "[0.9015837010419079, 0.09641030217053959, 0.0014646088661664153, 0.0005413879213861306, 4.6784174123533696e-77]\n",
      "[0.9030703131554434, 0.09501319954627517, 0.0014043800939357509, 0.0005121072043457457, 1.0962331430615936e-77]\n",
      "[0.9045329716340795, 0.09363599394875166, 0.0013466251770009735, 0.0004844092401679019, 2.5686596073332425e-78]\n",
      "[0.9059721238274161, 0.0922784248253984, 0.0012912427768659545, 0.00045820857031950493, 6.018799611687164e-79]\n",
      "[0.9073882063026012, 0.09094023367440118, 0.0012381356823223146, 0.00043342434067528547, 1.41030466598806e-79]\n",
      "[0.9087816451863949, 0.08962116411582684, 0.0011872106433793112, 0.00040998005439892455, 3.3045761295479486e-80]\n",
      "[0.9101528564939456, 0.08832096195632391, 0.0011383782117268045, 0.0003878033380036501, 7.743162409105442e-81]\n",
      "[0.9115022464476006, 0.08703937524505165, 0.0010915525874658214, 0.00036682571988186005, 1.8143488377963646e-81]\n",
      "[0.912830211780341, 0.08577615432714188, 0.0010466514718590377, 0.0003469824206581683, 4.2513127411019003e-82]\n",
      "[0.9141371400304994, 0.08453105188886607, 0.0010035959259050247, 0.0003282121547295076, 9.961510187665928e-83]\n",
      "[0.9154234098249406, 0.08330382299816266, 0.0009623102344810717, 0.0003104569424157653, 2.3341416152089963e-83]\n",
      "[0.9166893911504996, 0.0820942251414473, 0.000922721775898802, 0.0002936619321541211, 5.469267076099989e-84]\n",
      "[0.917935445617442, 0.08090201825375251, 0.0008847608966058741, 0.00027777523219964, 1.2815365413961461e-84]\n",
      "[0.919161926711198, 0.07972696474657111, 0.000848360790888031, 0.00026274775134289493, 3.002844270375735e-85]\n",
      "[0.9203691800369495, 0.07856882952955525, 0.0008134573853473984, 0.0002485330481479405, 7.036142048869669e-86]\n",
      "[0.9215575435530959, 0.077427380030618, 0.0007799892280081368, 0.00023508718827792906, 1.648680034079334e-86]\n",
      "[0.9227273477967228, 0.0763023862119807, 0.0007478973818336745, 0.00022236860946276123, 3.8631197213248853e-87]\n",
      "[0.9238789161020033, 0.07519362058178104, 0.0007171253225032632, 0.0002103379937124423, 9.051904894876897e-88]\n",
      "[0.9250125648090578, 0.0741008582042614, 0.0006876188402992148, 0.00019895814638173058, 2.1210057169833527e-88]\n",
      "[0.9261286034662861, 0.07302387670606611, 0.0006593259459148599, 0.00018819388173304386, 4.969855403035673e-89]\n",
      "[0.9272273350250577, 0.07196245628025456, 0.0006321967800479747, 0.00017801191463980058, 1.1645167487451243e-89]\n",
      "[0.9283090560272772, 0.07091637968798505, 0.0006061835266301086, 0.00016838075810747543, 2.7286498621356157e-90]\n",
      "[0.9293740567860777, 0.0698854322580615, 0.0005812403295564904, 0.00015927062630431682, 6.393666536928465e-91]\n",
      "[0.93042262156003, 0.06886940188440921, 0.0005573232127562042, 0.00015065334280465917, 1.4981395327183832e-91]\n",
      "[0.9314550287221574, 0.06786807902058449, 0.0005343900034970315, 0.00014250225376117497, 3.510384355286206e-92]\n",
      "[0.9324715509210749, 0.06688125667438716, 0.0005124002587837482, 0.0001347921457541881, 8.225403498132955e-93]\n",
      "[0.9334724552385766, 0.06590873039864101, 0.0004913151947241679, 0.0001274991680582581, 1.9273469393075305e-93]\n",
      "[0.934458003339166, 0.06495029828296776, 0.00047109761877218645, 0.00012060075909394453, 4.516091594656344e-94]\n",
      "[0.935428451617182, 0.06400576094129475, 0.0004517118646868876, 0.00011407557683635263, 1.0581951109635083e-94]\n",
      "[0.9363840513368835, 0.06307492149999924, 0.0004331237301427472, 0.00010790343297444731, 2.479527531922551e-95]\n",
      "[0.9373250487674805, 0.06215758558502866, 0.0004153004168749561, 0.00010206523061590439, 5.809948772554128e-96]\n",
      "[0.93825168531566, 0.06125356130576072, 0.00039821047323208955, 9.654290534726199e-05, 1.3613690210069128e-96]\n",
      "[0.9391641976505946, 0.060362659240850484, 0.0003818237390828547, 9.13193694721093e-05, 3.1899187725456303e-97]\n"
     ]
    },
    {
     "name": "stdout",
     "output_type": "stream",
     "text": [
      "[0.9400628178273344, 0.05948469242046412, 0.00036611129294884386, 8.637845925277666e-05, 7.47452489671579e-98]\n",
      "[0.9409477734045589, 0.05861947630915301, 0.0003510454012898052, 8.170488499831507e-05, 1.7514098018882377e-98]\n",
      "[0.94181928755855, 0.05776682878775298, 0.0003365994698532954, 7.728418384361503e-05, 4.103856633408509e-99]\n",
      "[0.9426775791935779, 0.05692657013434726, 0.00032274799700121105, 7.310267507366714e-05, 9.616052210772594e-100]\n",
      "[0.9435228630487317, 0.056098523004469936, 0.00030946652893878805, 6.914741785959413e-05, 2.2532100442021657e-100]\n",
      "[0.9443553498010797, 0.055282512410877054, 0.0002967316167698406, 6.540617127345125e-05, 5.279670064694322e-101]\n",
      "[0.9451752461649431, 0.054478365703291995, 0.00028452077530182027, 6.18673564630791e-05, 1.2371208691959764e-101]\n",
      "[0.9459827549890097, 0.0536859125465994, 0.0002728124435255711, 5.8520020865211484e-05, 2.898796525538005e-102]\n",
      "[0.9467780753494613, 0.05290498489947018, 0.00026158594671587415, 5.5353804352709875e-05, 6.792405189510485e-103]\n",
      "[0.9475614026400251, 0.052135416992692536, 0.0002508214600740498, 5.2358907208208495e-05, 1.5915844834783181e-103]\n",
      "[0.9483329286598617, 0.051377045306454164, 0.00024049997385671833, 4.952605982745506e-05, 3.7293751302587786e-104]\n",
      "[0.9490928416983071, 0.050629708547706806, 0.000230603259928351, 4.6846494057683936e-05, 8.738617103026042e-105]\n",
      "[0.949841326616342, 0.04989324762788835, 0.00022111383968367908, 4.431191608578038e-05, 2.0476212137081678e-105]\n",
      "[0.9505785649269758, 0.049167505638960086, 0.00021201495327541052, 4.191448078861626e-05, 4.79796199021063e-106]\n",
      "[0.9513047348711282, 0.04845232783129237, 0.0002032905301086144, 3.964676747085798e-05, 1.124253535706262e-106]\n",
      "[0.9520200114932171, 0.04774756158933445, 0.00019492516053619315, 3.750175691222453e-05, 2.6343410530434713e-107]\n",
      "[0.9527245667132364, 0.04705305640839385, 0.0001869040687143643, 3.5472809655496865e-05, 6.172768918104758e-108]\n",
      "[0.9534185693966586, 0.046368663871303416, 0.00017921308657069048, 3.355364546743756e-05, 1.4463996973468895e-108]\n",
      "[0.9541021854226525, 0.04569423762460096, 0.00017183862883619704, 3.1738323910380444e-05, 3.389197765128764e-109]\n",
      "[0.9547755777500849, 0.04502963335485098, 0.00016476766910177246, 3.0021225962393967e-05, 7.941559396551953e-110]\n",
      "[0.955438906481775, 0.04437470876473898, 0.0001579877168536559, 2.8397036632402382e-05, 1.8608653757408416e-110]\n",
      "[0.9560923289263561, 0.0437293235496771, 0.0001514867954524439, 2.686072851426118e-05, 4.360380747419701e-111]\n",
      "[0.9567359996590257, 0.043093339373731804, 0.00014525342101280987, 2.540754622964295e-05, 1.0217253396148723e-111]\n",
      "[0.9573700705796641, 0.04246661984647326, 0.00013927658214996105, 2.4032991712751083e-05, 2.394110599236419e-112]\n",
      "[0.9579946909699788, 0.041849030499174066, 0.00013354572055720887, 2.2732810289935516e-05, 5.609892634006853e-113]\n",
      "[0.9586100075493341, 0.04124043876077618, 0.00012805071237764087, 2.1502977512110327e-05, 1.3145139088945166e-113]\n",
      "[0.9592161645275614, 0.0406407139353947, 0.00012278185034450805, 2.033968669943301e-05, 3.0801801579474444e-114]\n",
      "[0.9598133036581601, 0.04004972717803069, 0.00011772982664968498, 1.9239337159320218e-05, 7.217509256860352e-115]\n",
      "[0.9604015642882792, 0.039467351472159115, 0.00011288571651993602, 1.819852304188286e-05, 1.6912152197451647e-115]\n",
      "[0.9609810834088579, 0.03889346160588241, 0.00010824096246229001, 1.721402279748577e-05, 3.9628780281638566e-116]\n",
      "[0.9615519957021725, 0.03832793414946204, 0.00010378735916034539, 1.6282789205153378e-05, 9.285874964672842e-117]\n",
      "[0.9621144335889131, 0.03777064743215847, 9.951703898878261e-05, 1.5401939939756986e-05, 2.175881583801286e-117]\n",
      "[0.9626685272732907, 0.037221481519935956, 9.542245812337785e-05, 1.4568748649994984e-05, 5.098565233242699e-118]\n",
      "[0.9632144047878899, 0.03668031819237086, 9.149638322079974e-05, 1.3780636518453309e-05, 1.1947058847088953e-118]\n",
      "[0.9637521920363902, 0.03614704092068453, 8.773187864674796e-05, 1.3035164278504802e-05, 2.799460372214059e-119]\n",
      "[0.9642820128357368, 0.035621534845372234, 8.412229422813257e-05, 1.233002466298054e-05, 6.559759904510386e-120]\n",
      "[0.9648039889569399, 0.035103686754290715, 8.066125350807294e-05, 1.1663035261328313e-05, 1.5370990766601774e-120]\n",
      "[0.9653182401650889, 0.034593385060663166, 7.734264248450854e-05, 1.1032131763328774e-05, 3.6017708339714267e-121]\n",
      "[0.9658248842580711, 0.03409051978154958, 7.416059881104969e-05, 1.0435361568175315e-05, 8.439769569011105e-122]\n",
      "[0.9663240371045583, 0.03359498251626001, 7.110950144238471e-05, 9.87087773942971e-06, 1.977631622490891e-122]\n",
      "[0.9668158126808047, 0.033106666425204705, 6.818396070354156e-05, 9.33693328692364e-06, 4.634047724274745e-123]\n",
      "[0.9673003231067163, 0.0326254662087551, 6.537880877032721e-05, 8.831875758295229e-06, 1.0858651654070186e-123]\n",
      "[0.9677776786810057, 0.032151278086333494, 6.268909053801515e-05, 8.354142122815967e-06, 2.5444363667582544e-124]\n",
      "[0.9682479879150873, 0.031683999776112026, 6.011005486826227e-05, 7.902253932381314e-06, 5.962214277160538e-125]\n",
      "[0.9687113575671749, 0.031223530473887203, 5.7637146193921475e-05, 7.474812744105336e-06, 1.397088308068504e-125]\n",
      "[0.9691678926744284, 0.030769770833310305, 5.5265996470442165e-05, 7.070495790723671e-06, 3.2737116735783926e-126]\n",
      "[0.969617696584744, 0.03032262294591334, 5.299241745735748e-05, 6.688051885237779e-06, 7.671093667009501e-127]\n",
      "[0.9700608709881979, 0.02988199032093692, 5.081239331803393e-05, 6.326297547209609e-06, 1.7975229041243517e-127]\n",
      "[0.9704975159471251, 0.029447777866012787, 4.87220735235172e-05, 5.9841133386233645e-06, 4.212033992342138e-128]\n",
      "[0.9709277299259236, 0.029019891867630064, 4.671776604814043e-05, 5.660440398121717e-06, 9.869828081337817e-129]\n",
      "[0.9713516098198344, 0.028598239972157657, 4.4795930845235446e-05, 5.35427716266499e-06, 2.3127441606235053e-129]\n",
      "[0.9717692509835016, 0.02818273116664051, 4.2953173591131975e-05, 5.06467626668305e-06, 5.4193335453746556e-130]\n",
      "[0.9721807472585586, 0.027773275760145315, 4.1186239686928286e-05, 4.790741609073563e-06, 1.2698851706774507e-130]\n",
      "[0.9725861910004897, 0.027369785365424712, 3.949200850673931e-05, 4.531625578861307e-06, 2.9756599662231195e-131]\n",
      "[0.9729856731053365, 0.026972172880350278, 3.786748788245749e-05, 4.286526430987805e-06, 6.972723299902686e-132]\n",
      "[0.9733792830354577, 0.026580352469922026, 3.630980881593475e-05, 4.0546858041887326e-06, 1.6338863243028915e-132]\n",
      "[0.9737671088445573, 0.02619423954866096, 3.481622040868899e-05, 3.835386373178375e-06, 3.828613440922597e-133]\n",
      "[0.9741492372030013, 0.02581375076237107, 3.338408499979381e-05, 3.6279496278190493e-06, 8.971425922885982e-134]\n",
      "[0.9745257534213543, 0.025438803971368516, 3.2010873504502786e-05, 3.431733772616137e-06, 2.1022371357884993e-134]\n",
      "[0.9748967414744683, 0.02506931823284756, 3.069416094443535e-05, 3.2461317397787678e-06, 4.9260884120765945e-135]\n",
      "[0.9752622840245088, 0.024705213784019697, 2.9431622161619434e-05, 3.070569309875985e-06, 1.1543113594653295e-135]\n",
      "[0.9756224624438519, 0.024346412025105044, 2.822102770891622e-05, 2.904503334162779e-06, 2.7048550945324503e-136]\n",
      "[0.9759773568367979, 0.02399283550323859, 2.7060239910378563e-05, 2.7474200531949382e-06, 6.338190723109667e-137]\n",
      "[0.976327046061814, 0.02364440789559713, 2.594720908256661e-05, 2.598833506306229e-06, 1.4852065859939112e-137]\n",
      "[0.9766716077525032, 0.023301053993557228, 2.4879969912342993e-05, 2.458284027325868e-06, 3.4802359661479285e-138]\n",
      "[0.9770111183386329, 0.02296269968656224, 2.3856637983321564e-05, 2.3253368215688483e-06, 8.155127870002615e-139]\n",
      "[0.9773456530663585, 0.022629271946576084, 2.2875406445428583e-05, 2.199580619940181e-06, 1.9109666901966786e-139]\n",
      "[0.9776752860184497, 0.02230069881232295, 2.1934542821620766e-05, 2.080626405811909e-06, 4.477913652515871e-140]\n",
      "[0.9780000901338103, 0.021976909374032957, 2.1032385945924194e-05, 1.9681062108505237e-06, 1.0492973272719972e-140]\n",
      "[0.9783201372266177, 0.02165783375837826, 2.0167343027863027e-05, 1.8616719760021198e-06, 2.458791315369137e-141]\n",
      "[0.9786354980051148, 0.02134340311357383, 1.9337886837205263e-05, 1.7609944741004194e-06, 5.761625477106391e-142]\n",
      "[0.9789462420901921, 0.021033549594511904, 1.8542553005139463e-05, 1.665762290801732e-06, 1.3501083600095005e-142]\n",
      "[0.9792524380334222, 0.0207282063482808, 1.777993743626393e-05, 1.575680860702015e-06, 3.163679458372627e-143]\n"
     ]
    },
    {
     "name": "stdout",
     "output_type": "stream",
     "text": [
      "[0.9795541533347686, 0.02042730749984857, 1.704869382716047e-05, 1.4904715555497532e-06, 7.413385205768969e-144]\n",
      "[0.9798514544599631, 0.020130788137927628, 1.6347531287301677e-05, 1.4098708218666898e-06, 1.7371643232865244e-144]\n",
      "[0.9801444068576058, 0.019838584300971407, 1.567521205760786e-05, 1.333629365209755e-06, 4.0706660602687505e-145]\n",
      "[0.9804330749757119, 0.01955063296358638, 1.5030549323238571e-05, 1.2615113785978266e-06, 9.538724137059254e-146]\n",
      "[0.9807175222784804, 0.019266872022590628, 1.4412405116363155e-05, 1.1932938126755266e-06, 2.2351945918941323e-146]\n",
      "[0.9809978112620293, 0.01898724028398016, 1.381968830508839e-05, 1.1287656853900693e-06, 5.237700016214856e-147]\n",
      "[0.9812740034703249, 0.01871167744958072, 1.3251352665319998e-05, 1.067727429032474e-06, 1.2273435261050655e-147]\n",
      "[0.981546159510671, 0.0184401241040241, 1.2706395032244104e-05, 1.0099902726003242e-06, 2.8760198642789366e-148]\n",
      "[0.981814339068827, 0.01817252170198801, 1.2183853527484616e-05, 9.553756575913608e-07, 6.739347563509371e-149]\n",
      "[0.9820786009241173, 0.01790881255533776, 1.1682805859561328e-05, 9.03714685415699e-07, 1.5792251568660613e-149]\n",
      "[0.982339002963834, 0.01764893982087708, 1.120236769423526e-05, 8.54847594717237e-07, 3.700585788861232e-150]\n",
      "[0.9825956021977311, 0.01739284748791007, 1.0741691091911216e-05, 8.086232669685572e-07, 8.671557768484595e-151]\n",
      "[0.9828484547721845, 0.017140480366047414, 1.0299963009428536e-05, 7.648987588352047e-07, 2.0320013232063985e-151]\n",
      "[0.9830976159838519, 0.01689178407342449, 9.87640386368667e-06, 7.235388598387791e-07, 4.76157982047349e-152]\n",
      "[0.9833431402934275, 0.016646705024744655, 9.470266153901079e-06, 6.844156739533121e-07, 1.1157794727640871e-152]\n",
      "[0.9835850813389763, 0.01640519041965847, 9.080833141362477e-06, 6.474082238584446e-07, 2.614603748025961e-153]\n",
      "[0.9838234919490639, 0.016167188231276556, 8.707417582809722e-06, 6.124020765901812e-07, 6.126798581799133e-154]\n",
      "[0.9840584241555757, 0.01593264719491849, 8.349360516413503e-06, 5.792889894598949e-07, 1.4356928468241781e-154]\n",
      "[0.9842899292062437, 0.015701516797083436, 8.006030097713912e-06, 5.47966575145469e-07, 3.3642609730656728e-155]\n",
      "[0.9845180575773411, 0.015473747264190893, 7.676820483162096e-06, 5.183379848762463e-07, 7.883480981509227e-156]\n",
      "[0.984742858985672, 0.015249289551959297, 7.361150760041865e-06, 4.903116087871182e-07, 1.8473388960479989e-156]\n",
      "[0.9849643824006784, 0.015028095334608919, 7.058463920120393e-06, 4.6380079247593503e-07, 4.3288778000735855e-157]\n",
      "[0.9851826760561672, 0.014810116994388233, 6.76822587580272e-06, 4.387235689055908e-07, 1.0143884080527164e-157]\n",
      "[0.9853977874618542, 0.014595307611224299, 6.489924516660298e-06, 4.1500240480359e-07, 2.37702323330218e-158]\n",
      "[0.9856097634147913, 0.01438362095244313, 6.223068804769646e-06, 3.925639607936029e-07, 5.570097165145611e-159]\n",
      "[0.9858186500104572, 0.01417501146277079, 5.967187907463994e-06, 3.713388645042764e-07, 1.305245814357804e-159]\n",
      "[0.9860244926538438, 0.013969434254294559, 5.72183036564646e-06, 3.5126149594935453e-07, 3.058595455384577e-160]\n",
      "[0.9862273360702828, 0.013766845096636377, 5.486563296288135e-06, 3.322697845257765e-07, 7.167240179313167e-161]\n",
      "[0.9864272243157851, 0.013567200407569785, 5.26097162802333e-06, 3.1430501699938674e-07, 1.6795079550511077e-161]\n",
      "[0.9866242007876792, 0.013370457243296831, 5.044657367962569e-06, 2.9731165587431427e-07, 3.93561274180385e-162]\n",
      "[0.9868183082348886, 0.013176573289044962, 4.837238898742175e-06, 2.8123716758918404e-07, 9.222376209110801e-163]\n",
      "[0.9870095887679302, 0.012985506849905204, 4.638350304639208e-06, 2.6603186001452834e-07, 2.161093179973167e-163]\n",
      "[0.9871980838688413, 0.012797216841704564, 4.447640725250919e-06, 2.516487287393668e-07, 5.064123997293603e-164]\n",
      "[0.9873838344008232, 0.01261166278212907, 4.264773735959805e-06, 2.3804331167853358e-07, 1.1866847116238137e-164]\n",
      "[0.987566880617889, 0.012428804781805566, 4.089426753760146e-06, 2.2517355154023842e-07, 2.7807794132586344e-165]\n",
      "[0.987747262174379, 0.01224860353548756, 3.921290467604097e-06, 2.129996657376624e-07, 6.516252523575442e-166]\n",
      "[0.9879250181340471, 0.012071020313637175, 3.7600682922407975e-06, 2.0148402334295065e-07, 1.5269662741255236e-166]\n",
      "[0.9881001869791582, 0.011896016953968662, 3.605475844456091e-06, 1.9059102869151628e-07, 3.578171516422609e-167]\n",
      "[0.9882728066196615, 0.011723555852886283, 3.45724044090571e-06, 1.8028701129039155e-07, 8.384806257786911e-168]\n",
      "[0.9884429144016743, 0.0115535999575874, 3.3151006166626664e-06, 1.7054012167811526e-07, 1.9648304350005472e-168]\n",
      "[0.9886105471163694, 0.011386112757734015, 3.178805663547129e-06, 1.6132023292091226e-07, 4.6042329248542603e-169]\n",
      "[0.9887757410083589, 0.011221058277606315, 3.048115187432913e-06, 1.5259884743783716e-07, 1.0789210309590046e-169]\n",
      "[0.9889385317842462, 0.011058401068061125, 2.922798683822802e-06, 1.4434900886622787e-07, 2.5282626710097948e-170]\n",
      "[0.9890989546205498, 0.010898106199100631, 2.802635130909331e-06, 1.3654521869705793e-07, 5.924543406832444e-171]\n",
      "[0.9892570441721783, 0.010740139251864986, 2.6874125993121905e-06, 1.2916335741789003e-07, 1.3883141069232592e-171]\n",
      "[0.9894128345799981, 0.01058446631151404, 2.5769278779702115e-06, 1.221806099245386e-07, 3.2532747571348486e-172]\n",
      "[0.9895663594790857, 0.01043105395940418, 2.4709861153400556e-06, 1.1557539496466969e-07, 7.623491217550826e-173]\n",
      "[0.989717652006186, 0.010279869266040138, 2.3694004754465548e-06, 1.0932729840170746e-07, 1.7864349946620438e-173]\n",
      "[0.98986674480726, 0.010130879783921739, 2.271991808066707e-06, 1.0341701008795373e-07, 4.186206825680288e-174]\n",
      "[0.9900136700450866, 0.009984053540316938, 2.1785883324312755e-06, 9.78262641508898e-08, 9.809667661189929e-175]\n",
      "[0.9901584594065691, 0.00983935903031422, 2.0890253340397695e-06, 9.25377825121299e-08, 2.298730479522014e-175]\n",
      "[0.9903011441099855, 0.009696765209919241, 2.0031448738874923e-06, 8.753522146067261e-08, 5.38668971293742e-176]\n",
      "[0.99044175491199, 0.009556241489379017, 1.9207955096713274e-06, 8.28031211172867e-08, 1.2622808950599951e-176]\n",
      "[0.9905803221146822, 0.00941775772643173, 1.8418320284993488e-06, 7.83268576307451e-08, 2.957945722580542e-177]\n",
      "[0.990716875572528, 0.00928128421968356, 1.7661151905762058e-06, 7.409259796257898e-08, 6.931456985717646e-178]\n",
      "[0.9908514446991012, 0.009146791702158267, 1.6935114834217415e-06, 7.008725711395071e-08, 1.6242729181080104e-178]\n",
      "[0.9909840584737242, 0.009014251334931857, 1.6238928862623624e-06, 6.629845767103626e-08, 3.8062175837689214e-179]\n",
      "[0.9911147454479934, 0.008883634700871014, 1.55713664406565e-06, 6.271449153527611e-08, 8.919250365284643e-180]\n",
      "[0.9912435337523322, 0.008754913798333234, 1.4931250508917942e-06, 5.932428372445765e-08, 2.0900815539797155e-180]\n",
      "[0.9913704511022734, 0.008628061035126262, 1.4317452421564571e-06, 5.611735813235626e-08, 4.897768371966878e-181]\n",
      "[0.9914955248047915, 0.008503049222407966, 1.3728889954606608e-06, 5.308380514017924e-08, 1.1477132174982963e-181]\n",
      "[0.9916187817643676, 0.008379851568841886, 1.316452539613175e-06, 5.0214250980462324e-08, 2.6894820694956044e-182]\n",
      "[0.9917402484890074, 0.008258441674792297, 1.2623363714824197e-06, 4.749982875695056e-08, 6.302372246880574e-183]\n",
      "[0.9918599510963811, 0.008138793526387413, 1.2104450804241167e-06, 4.493215103292571e-08, 1.4768608398435526e-183]\n",
      "[0.9919779153194944, 0.008020881490041806, 1.1606871799146378e-06, 4.250328390188601e-08, 3.4607898120331604e-184]\n",
      "[0.9920941665126359, 0.007904680306695604, 1.1129749461065702e-06, 4.020572246091141e-08, 8.109815899022789e-185]\n",
      "[0.9922087296569091, 0.007790165086460283, 1.067224263047484e-06, 3.803236761039041e-08, 1.900408170207699e-185]\n",
      "[0.9923216293659246, 0.007677311303096989, 1.0233544742692343e-06, 3.597650410876182e-08, 4.453309739552586e-186]\n",
      "[0.9924328898913135, 0.0075660947886662215, 9.812882404468774e-07, 3.403177981376407e-08, 1.0435638705911346e-186]\n",
      "[0.9925425351280355, 0.0074564917283755664, 9.409514029588035e-07, 3.219218604711505e-08, 2.4454302749771947e-187]\n",
      "[0.9926505886198999, 0.00734847865520794, 9.022728530372135e-07, 3.045203902080341e-08, 5.730488562749089e-188]\n",
      "[0.9927570735646679, 0.007242032444963502, 8.65184406315248e-07, 2.8805962268200682e-08, 1.3428519371712583e-188]\n",
      "[0.9928620128192822, 0.007137130311165142, 8.29620682525595e-07, 2.72488700247954e-08, 3.1467679843885663e-189]\n"
     ]
    },
    {
     "name": "stdout",
     "output_type": "stream",
     "text": [
      "[0.9929654289049284, 0.007033749800129687, 7.955189901543387e-07, 2.5775951508561506e-08, 7.373971037691298e-190]\n",
      "[0.9930673440121461, 0.006931868785981903, 7.628192158454947e-07, 2.4382656049771335e-08, 1.7279781330240723e-190]\n",
      "[0.9931677800056831, 0.006831465465919558, 7.314637183368897e-07, 2.306467902568498e-08, 4.049255362540915e-191]\n",
      "[0.9932667584293449, 0.006732518355479794, 7.013972267892179e-07, 2.1817948555391616e-08, 9.488819758247116e-192]\n",
      "Smoothed lambdas:\n",
      "[0.9932667584293449, 0.006732518355479794, 7.013972267892179e-07, 2.1817948555391616e-08, 9.488819758247116e-192]\n"
     ]
    }
   ],
   "source": [
    "!python em.py sample-data/spa spa"
   ]
  },
  {
   "cell_type": "code",
   "execution_count": 49,
   "metadata": {
    "scrolled": true
   },
   "outputs": [
    {
     "data": {
      "text/plain": [
       "237"
      ]
     },
     "execution_count": 49,
     "metadata": {},
     "output_type": "execute_result"
    }
   ],
   "source": [
    "with open(\"sample-data/spa/spacount_sum.pickle\", 'rb') as outp:\n",
    "    counting_dict = pickle.load(outp)\n",
    "\n",
    "\n",
    "counting_dict['char3_p_s_t'][('rse','Ε','das','V-PTCP-PST-FEM-PL')]"
   ]
  },
  {
   "cell_type": "code",
